Andalucía,10807,45.58,5226,671,912,2634
Aragón,4566,141.44,2108,291,543,1087
Asturias,2170,76.85,1432,116,168,522
Baleares,1637,37.67,872,152,131,918
Canarias,1988,25.26,802,156,107,673
Cantabria,1845,99.30,890,77,137,442
Castilla La Mancha,15151,367.41,7987,503,1796,3378
Castilla y León,14380,292.76,6449,307,1372,4725
Cataluña,37354,202.60,23680,2798,3855,17297
Ceuta,100,53.08,9,4,4,41
C. Valenciana,9615,66.09,4524,625,972,3702
Extremadura,2881,97.78,1186,110,359,649
Galicia,7873,112.28,2494,123,310,1383
Madrid,50694,278.22,9653,1206,6877,28491
Melilla,103,47.41,43,3,2,27
Murcia,1598,34.41,575,97,111,516
Navarra,4348,254.66,1752,124,261,845
País Vasco,11790,202.60,5863,478,956,5813
La Rioja,3916,578.60,1207,75,257,1654