Andalucía,10192,51.98,5054,631,836,2032,5
Aragón,4245,149.55,1966,280,492,963,58
Asturias,2051,79.68,1330,111,156,458,93
Baleares,1571,43.67,826,145,118,871,21
Canarias,1958,32.32,771,147,102,589,14
Cantabria,1796,107.56,853,76,120,323,19
Castilla La Mancha,14329,388.86,7830,486,1714,2943,275
Castilla y León,13180,290.43,6175,308,1299,4266,552
Cataluña,35197,213.99,23126,2775,3666,15967,471
Ceuta,96,73.13,9,4,4,22,1
C. Valenciana,9213,74.04,4397,581,907,3069,153
Extremadura,2684,98.90,1114,108,334,578,26
Galicia,7597,131.80,2403,133,290,1240,103
Madrid,48048,308.24,10753,1299,6568,26247,902
Melilla,101,54.34,43,3,2,18,0
Murcia,1487,34.34,566,96,106,476,24
Navarra,4150,282.02,1705,124,249,730,58
País Vasco,11226,222.21,5679,470,859,5193,208
La Rioja,3420,508.21,1152,74,234,1519,62