Andalucía,11323,5473,690,1013,3229
Aragón,4886,2244,248,637,1178
Asturias,2348,1599,122,200,599
Baleares,1788,963,161,157,1005
Canarias,2067,826,163,119,813
Cantabria,2083,934,78,158,626
Castilla La Mancha,16796,8173,531,2021,4178
Castilla y León,15857,7080,501,1493,5366
Cataluña,41676,22375,2409,4009,13934
Ceuta,111,9,4,4,74
C. Valenciana,10018,4827,646,1079,4629
Extremadura,3186,1306,112,389,858
Galicia,8299,2609,108,352,1548
Madrid,56963,8191,1111,7351,31762
Melilla,104,44,3,2,46
Murcia,1646,612,103,117,662
Navarra,4697,1856,128,385,1123
País Vasco,12628,6109,501,1081,7124
La Rioja,3734,1282,79,285,1833