Andalucía,11205,5424,687,993,3116
Aragón,4831,2216,246,619,1175
Asturias,2298,1571,120,196,596
Baleares,1773,955,160,155,993
Canarias,2047,825,162,119,789
Cantabria,2050,924,78,153,610
Castilla La Mancha,16625,8137,518,1963,3963
Castilla y León,15621,6981,498,1458,5262
Cataluña,40600,22235,2395,3933,13691
Ceuta,109,9,4,4,59
C. Valenciana,9937,4781,643,1065,4547
Extremadura,3136,1278,112,384,767
Galicia,8185,2590,112,346,0
Madrid,54884,8291,1123,7239,31313
Melilla,104,44,3,2,44
Murcia,1644,612,102,116,652
Navarra,4621,1843,127,369,992
País Vasco,12569,6086,499,1062,6972
La Rioja,3705,1268,79,277,1816