Andalucía,11053,5298,675,940,2790
Aragón,4664,2151,240,562,1132
Asturias,2230,1474,118,174,545
Baleares,1668,905,152,134,938
Canarias,2009,811,159,111,730
Cantabria,1884,903,78,144,510
Castilla La Mancha,15997,8018,511,1852,3600
Castilla y León,14903,6518,297,1401,4924
Cataluña,38316,21242,2305,3752,12787
Ceuta,101,9,4,4,44
C. Valenciana,9869,4605,632,999,4024
Extremadura,3019,1212,110,372,707
Galicia,8013,2535,117,320,1456
Madrid,51993,9141,1154,7007,29436
Melilla,104,44,3,2,30
Murcia,1625,585,99,112,545
Navarra,4433,1781,124,338,892
País Vasco,12089,5939,484,992,6144
La Rioja,4098,1226,76,262,1729