Andalucía,11020,5341,677,967,2948
Aragón,4761,2180,243,601,1121
Asturias,2272,1520,119,187,575
Baleares,1748,937,157,148,958
Canarias,2035,822,160,115,785
Cantabria,1990,911,78,149,534
Castilla La Mancha,16349,8093,514,1913,3838
Castilla y León,15293,6831,495,1429,5103
Cataluña,39943,22013,2349,3879,13275
Ceuta,108,9,4,4,53
C. Valenciana,9795,4708,636,1042,4306
Extremadura,3081,1240,112,380,736
Galicia,8084,2554,115,334,0
Madrid,52946,8597,1094,7132,30475
Melilla,104,44,3,2,30
Murcia,1638,611,102,115,638
Navarra,4556,1829,127,354,954
País Vasco,12355,6030,490,1020,6556
La Rioja,3648,1249,78,272,1777